889
951
120
20
0
1
723.433
741.091
20
20
-7.18557
-5.66361
593
1094
2
0
0
0
116
94
197
0
0
0
1
20
1
1
98
0
0
80
82
75
1
80
80
79
75
0
159
80
79
75
3
238
80
79
75
0
317
80
79
75
3
396
80
79
75
2
475
80
79
75
0
554
80
79
75
1
633
80
79
75
1
712
80
79
75
2
791
80
79
75
0
870
80
79
75
3
949
80
79
75
1
1028
80
79
75
2
1107
80
79
75
3
1186
80
79
75
0
1265
80
79
75
2
1344
80
79
75
1
1423
80
79
75
0
1502
80
79
75
2
1581
80
79
75
1
1660
80
79
75
3
1739
80
79
75
2
1818
80
82
75
3
0
155
82
75
3
80
155
79
75
1
159
155
79
75
0
238
155
79
75
2
317
155
79
75
0
396
155
79
75
0
475
155
79
75
0
554
155
79
75
2
633
155
79
75
2
712
155
79
75
2
791
155
79
75
3
870
155
79
75
3
949
155
79
75
1
1028
155
79
75
0
1107
155
79
75
3
1186
155
79
75
3
1265
155
79
75
2
1344
155
79
75
2
1423
155
79
75
2
1502
155
79
75
2
1581
155
79
75
2
1660
155
79
75
0
1739
155
79
75
0
1818
155
82
75
1
0
230
82
75
0
80
230
79
75
2
159
230
79
75
3
238
230
79
75
0
317
230
79
75
1
396
230
79
75
3
475
230
79
75
1
554
230
79
75
2
633
230
79
75
3
712
230
79
75
1
791
230
79
75
1
870
230
79
75
1
949
230
79
75
0
1028
230
79
75
0
1107
230
79
75
1
1186
230
79
75
2
1265
230
79
75
0
1344
230
79
75
0
1423
230
79
75
0
1502
230
79
75
2
1581
230
79
75
2
1660
230
79
75
0
1739
230
79
75
0
1818
230
82
75
2
0
305
82
75
3
80
305
79
75
0
159
305
79
75
2
238
305
79
75
0
317
305
79
75
3
396
305
79
75
1
475
305
79
75
0
554
305
79
75
2
633
305
79
75
0
712
305
79
75
3
791
305
79
75
2
870
305
79
75
2
949
305
79
75
0
1028
305
79
75
0
1107
305
79
75
1
1186
305
79
75
3
1265
305
79
75
2
1344
305
79
75
0
1423
305
79
75
1
1502
305
79
75
3
1581
305
79
75
0
1660
305
79
75
3
1739
305
79
75
2
1818
305
82
75
2
0
380
82
75
0
80
380
79
75
2
159
380
79
75
0
238
380
79
75
2
317
380
79
75
0
396
380
79
75
0
475
380
79
75
1
554
380
79
75
2
633
380
79
75
3
712
380
79
75
0
791
380
79
75
3
870
380
79
75
0
949
380
79
75
0
1028
380
79
75
1
1107
380
79
75
3
1186
380
79
75
3
1265
380
79
75
1
1344
380
79
75
1
1423
380
79
75
1
1502
380
79
75
2
1581
380
79
75
1
1660
380
79
75
2
1739
380
79
75
1
1818
380
82
75
2
0
455
82
75
1
80
455
79
75
0
159
455
79
75
2
238
455
79
75
0
317
455
79
75
1
396
455
79
75
2
475
455
79
75
0
554
455
79
75
0
633
455
79
75
0
712
455
79
75
0
791
455
79
75
0
870
455
79
75
2
949
455
79
75
1
1028
455
79
75
1
1107
455
79
75
3
1186
455
79
75
1
1265
455
79
75
2
1344
455
79
75
3
1423
455
79
75
2
1502
455
79
75
3
1581
455
79
75
2
1660
455
79
75
0
1739
455
79
75
0
1818
455
82
75
3
